1777469006110 1.1835300724981996 0
1777469035832 0.6072031326611024 1
1777469064942 0.4740304768923908 2
1777469093767 0.4001396367483584 3
1777469123080 0.348250294375755 4
1777469152756 0.3185062879301093 5
1777469182016 0.27558100471735153 6
1777469211200 0.2520948928040083 7
1777469242088 0.22879325713762236 8
1777469273102 0.2043918501823912 9
1777469303060 0.18592880472131168 10
1777469332644 0.16828046270820032 11
1777469362945 0.15514550457382217 12
1777469392419 0.14051821060202388 13
1777469422016 0.1262684478674589 14
1777469450398 0.11414642498144865 15
1777469480233 0.10240190532987418 16
1777469511656 0.09356134042829808 17
1777469541823 0.08477760951899355 18
1777469571197 0.0821229834413237 19
