1777469006110 0.00018 0
1777469035832 0.00026000000000000003 1
1777469064942 0.00034 2
1777469093767 0.00042000000000000007 3
1777469123080 0.0005 4
1777469152756 0.0004945478263830845 5
1777469182016 0.00047842959168182885 6
1777469211200 0.00045234974009654937 7
1777469242088 0.0004174480862865351 8
1777469273102 0.00037525 9
1777469303060 0.0003275997400965494 10
1777469332644 0.00027657985158527956 11
1777469362945 0.00022442014841472048 12
1777469392419 0.00017340025990345064 13
1777469422016 0.00012575000000000005 14
1777469450398 8.355191371346494e-05 15
1777469480233 4.8650259903450626e-05 16
1777469511656 2.2570408318171052e-05 17
1777469541823 6.45217361691548e-06 18
1777469571197 1e-06 19
