1777465783997 1.9381026849722314 0
1777465786746 1.5523884543372541 1
1777465789406 1.3750614537607373 2
1777465792132 1.280680850643636 3
1777465794852 1.2237607534889066 4
1777465797636 1.184286871529601 5
1777465800332 1.158777199437856 6
1777465803053 1.1399840156135657 7
1777465805841 1.1223199975764966 8
1777465808626 1.1064787871392487 9
1777465811433 1.0951367676105646 10
1777465814240 1.0813107812191214 11
1777465816992 1.0680113620770253 12
1777465819767 1.0555567444133027 13
1777465822532 1.043904870672299 14
1777465825323 1.0331205579325975 15
1777465828105 1.0232372238203082 16
1777465830719 1.0142269683311054 17
1777465833215 1.006297191085718 18
1777465835695 0.9983855661223916 19
1777465838138 0.9971222444568448 20
1777465840497 0.9875650372346649 21
1777465842863 0.9859902634645057 22
1777465845211 0.982791774718048 23
1777465847552 0.9748998240131856 24
1777465849908 0.974248035027243 25
1777465852260 0.9676079416214047 26
1777465854597 0.9666342974623756 27
1777465856948 0.9639675348920895 28
1777465859318 0.9627785908291712 29
1777465861691 0.9593586571076337 30
1777465864041 0.9532645228878617 31
1777465866390 0.9504298186668044 32
1777465868736 0.9498526809160667 33
1777465871112 0.9502774341332029 34
1777465873471 0.9447623597996314 35
1777465875822 0.9461039650775588 36
1777465878165 0.9410283126489586 37
1777465880529 0.9392892460688911 38
1777465882867 0.9363787963872066 39
