1777466055980 1.7509848476980654 0
1777466069328 1.1637995297951467 1
1777466081785 0.9301053308464987 2
1777466094695 0.8055582886461712 3
1777466107031 0.7176349679070055 4
1777466119960 0.651713143757847 5
1777466133149 0.6098205056946601 6
1777466147033 0.5599974723880553 7
1777466160706 0.5293818042253899 8
1777466173734 0.4972240742667557 9
1777466187399 0.47662785519724304 10
1777466202430 0.4478068548395201 11
1777466214382 0.43489035784893326 12
1777466226363 0.42063306534991546 13
1777466239154 0.40661333059258475 14
1777466253795 0.39332195144632587 15
1777466267054 0.38189428114830076 16
1777466279195 0.3750837042432307 17
1777466291650 0.3614164265372869 18
1777466303694 0.35682391583004874 19
1777466317259 0.35077828008805395 20
1777466329447 0.3440808585994994 21
1777466342288 0.3399953708395629 22
1777466355362 0.3358911440881622 23
1777466368825 0.3355578371249806 24
1777466381581 0.32496560446898953 25
1777466394107 0.32496560446898953 26
1777466405731 0.3234984912073521 27
1777466418276 0.3234984912073521 28
1777466430644 0.31537516659025644 29
1777466442568 0.3107399276226683 30
1777466454193 0.3107399276226683 31
1777466466129 0.3067820240240878 32
1777466478111 0.30549612530814413 33
1777466489930 0.29879927970564274 34
1777466501675 0.29879927970564274 35
1777466513685 0.2961002216124169 36
1777466526213 0.2935004510614268 37
1777466538194 0.2935004510614268 38
1777466550330 0.29129038373832505 39
1777466562342 0.28446156754518104 40
1777466574459 0.28446156754518104 41
1777466586541 0.2826508114214443 42
1777466599158 0.27998812729135497 43
1777466610769 0.27998812729135497 44
1777466622996 0.27998812729135497 45
1777466635240 0.2753251520607173 46
1777466648943 0.27187963167343604 47
1777466662318 0.27187963167343604 48
1777466675295 0.27187963167343604 49
1777466688657 0.26926083092951714 50
1777466700579 0.26926083092951714 51
1777466712931 0.26864294820200757 52
1777466724992 0.2684689420263481 53
1777466738314 0.2680548355173882 54
1777466750565 0.2679245716432476 55
1777466762108 0.2626301542572353 56
1777466773782 0.2626301542572353 57
1777466785262 0.2625718448892274 58
1777466796217 0.2625718448892274 59
1777466807338 0.261235566986034 60
1777466818688 0.261235566986034 61
1777466829923 0.261235566986034 62
1777466842252 0.261235566986034 63
1777466853783 0.261235566986034 64
1777466865143 0.2566333596053941 65
1777466877338 0.2566333596053941 66
1777466890497 0.2566333596053941 67
1777466903880 0.2566333596053941 68
1777466916103 0.25648922252151973 69
1777466928363 0.2549543884175513 70
1777466940808 0.2549543884175513 71
1777466952581 0.2535992255220023 72
1777466965412 0.2535992255220023 73
1777466977105 0.2535992255220023 74
1777466989381 0.24987724110903337 75
1777467000889 0.24987724110903337 76
1777467012956 0.24987724110903337 77
1777467026498 0.24987724110903337 78
1777467037575 0.24987724110903337 79
