1777466055980 9.996145181203615e-05 0
1777466069328 9.98458666866564e-05 1
1777466081785 9.965342284774632e-05 2
1777466094695 9.938441702975689e-05 3
1777466107031 9.903926402016153e-05 4
1777466119960 9.861849601988383e-05 5
1777466133149 9.812276182268236e-05 6
1777466147033 9.755282581475769e-05 7
1777466160706 9.690956679612421e-05 8
1777466173734 9.619397662556433e-05 9
1777466187399 9.540715869125406e-05 10
1777466202430 9.455032620941839e-05 11
1777466214382 9.362480035363986e-05 12
1777466226363 9.263200821770461e-05 13
1777466239154 9.157348061512727e-05 14
1777466253795 9.045084971874738e-05 15
1777466267054 8.926584654403724e-05 16
1777466279195 8.802029828000156e-05 17
1777466291650 8.671612547178429e-05 18
1777466303694 8.535533905932738e-05 19
1777466317259 8.39400372766471e-05 20
1777466329447 8.247240241650919e-05 21
1777466342288 8.095469746549169e-05 22
1777466355362 7.938926261462365e-05 23
1777466368825 7.77785116509801e-05 24
1777466381581 7.612492823579744e-05 25
1777466394107 7.443106207484775e-05 26
1777466405731 7.269952498697733e-05 27
1777466418276 7.093298687687139e-05 28
1777466430644 6.913417161825447e-05 29
1777466442568 6.730585285387463e-05 30
1777466454193 6.545084971874736e-05 31
1777466466129 6.35720224932537e-05 32
1777466478111 6.167226819279526e-05 33
1777466489930 5.97545161008064e-05 34
1777466501675 5.782172325201153e-05 35
1777466513685 5.587686987289187e-05 36
1777466526213 5.392295478639223e-05 37
1777466538194 5.196299078795341e-05 38
1777466550330 4.999999999999998e-05 39
1777466562342 4.8037009212046566e-05 40
1777466574459 4.6077045213607746e-05 41
1777466586541 4.4123130127108115e-05 42
1777466599158 4.217827674798846e-05 43
1777466610769 4.024548389919358e-05 44
1777466622996 3.832773180720473e-05 45
1777466635240 3.642797750674627e-05 46
1777466648943 3.454915028125263e-05 47
1777466662318 3.269414714612536e-05 48
1777466675295 3.086582838174551e-05 49
1777466688657 2.9067013123128613e-05 50
1777466700579 2.7300475013022666e-05 51
1777466712931 2.556893792515225e-05 52
1777466724992 2.3875071764202563e-05 53
1777466738314 2.2221488349019883e-05 54
1777466750565 2.0610737385376352e-05 55
1777466762108 1.9045302534508318e-05 56
1777466773782 1.7527597583490826e-05 57
1777466785262 1.6059962723352925e-05 58
1777466796217 1.4644660940672629e-05 59
1777466807338 1.3283874528215723e-05 60
1777466818688 1.197970171999846e-05 61
1777466829923 1.0734153455962748e-05 62
1777466842252 9.549150281252633e-06 63
1777466853783 8.426519384872749e-06 64
1777466865143 7.3679917822953905e-06 65
1777466877338 6.375199646360152e-06 66
1777466890497 5.44967379058161e-06 67
1777466903880 4.592841308745932e-06 68
1777466916103 3.806023374435663e-06 69
1777466928363 3.0904332038757918e-06 70
1777466940808 2.447174185242323e-06 71
1777466952581 1.8772381773176413e-06 72
1777466965412 1.381503980116172e-06 73
1777466977105 9.607359798384783e-07 74
1777466989381 6.155829702431169e-07 75
1777467000889 3.4657715225368527e-07 76
1777467012956 1.5413331334360177e-07 77
1777467026498 3.854818796385494e-08 78
1777467037575 0.0 79
