1777467539661 1.1362168320152155 0
1777467617742 0.5397915488580609 1
1777467694912 0.3889849502069261 2
1777467771739 0.3054905130868525 3
1777467843817 0.2612374751683315 4
1777467916718 0.22616373623728447 5
1777467989781 0.19693166968624687 6
1777468065342 0.1757726780939228 7
1777468139522 0.16055174799674116 8
1777468211221 0.15171610679515563 9
1777468277697 0.1346255565190788 10
1777468344697 0.12346593064703809 11
1777468418066 0.11285849629432115 12
1777468496705 0.10135076141766156 13
1777468572762 0.08860726019693896 14
1777468648380 0.08050429050321155 15
1777468725303 0.07183987111427233 16
1777468801017 0.06404778648011834 17
1777468876997 0.06009673458747947 18
1777468950782 0.055635605533809765 19
