1777467539661 0.00018 0
1777467617742 0.00026000000000000003 1
1777467694912 0.00034 2
1777467771739 0.00042000000000000007 3
1777467843817 0.0005 4
1777467916718 0.0004945478263830845 5
1777467989781 0.00047842959168182885 6
1777468065342 0.00045234974009654937 7
1777468139522 0.0004174480862865351 8
1777468211221 0.00037525 9
1777468277697 0.0003275997400965494 10
1777468344697 0.00027657985158527956 11
1777468418066 0.00022442014841472048 12
1777468496705 0.00017340025990345064 13
1777468572762 0.00012575000000000005 14
1777468648380 8.355191371346494e-05 15
1777468725303 4.8650259903450626e-05 16
1777468801017 2.2570408318171052e-05 17
1777468876997 6.45217361691548e-06 18
1777468950782 1e-06 19
