1777465923426 2.0549938776304044 0
1777465925794 1.6383479074444003 1
1777465928123 1.431716242714611 2
1777465930458 1.3135026040894295 3
1777465932819 1.2400171869551129 4
1777465935139 1.1849749963301832 5
1777465937496 1.144043251224186 6
1777465939937 1.1125203988436239 7
1777465943098 1.0931375080057422 8
1777465945672 1.0712751705018455 9
1777465948253 1.054148961363546 10
1777465951226 1.0366872111549768 11
1777465953748 1.026985383094729 12
1777465956130 1.0182575656629889 13
1777465958477 1.0054865830084856 14
1777465960875 0.9946931745390148 15
1777465963369 0.9910754733683204 16
1777465965848 0.9847674554266284 17
1777465968184 0.9779595113776224 18
1777465970606 0.9691791724975761 19
1777465973229 0.9607254515218613 20
1777465976115 0.9530586717683641 21
1777465978502 0.9486162997877506 22
1777465981090 0.9456954435314364 23
1777465983633 0.938972420399756 24
1777465985975 0.9356783940968916 25
1777465988337 0.9245036849585335 26
1777465990692 0.9245036849585335 27
1777465993014 0.9214333475703169 28
1777465995419 0.9149675129929467 29
1777465997870 0.909974908889712 30
1777466000248 0.909170539177897 31
1777466002598 0.9033156441300726 32
1777466005043 0.9012688611779371 33
1777466007383 0.8909088947888836 34
1777466009741 0.8909088947888836 35
1777466012103 0.887001123422247 36
1777466014509 0.8868766727349947 37
1777466017199 0.8782655220202473 38
1777466019661 0.8775975900842711 39
