1777465639226 1.8636495719480393 0
1777465641563 1.668405672473371 1
1777465643842 1.6135699962411085 2
1777465646192 1.580456413271482 3
1777465648482 1.551593972593927 4
1777465650752 1.5357053368292806 5
1777465653445 1.5179959468524475 6
1777465655866 1.502968848513825 7
1777465658207 1.4927499815631096 8
1777465660818 1.4852375816506194 9
1777465663225 1.485006316848423 10
1777465665669 1.4815446092649494 11
1777465668011 1.4725396822175711 12
1777465670377 1.4679758695080458 13
1777465672682 1.4650914318421309 14
1777465675095 1.4619655889623306 15
1777465677611 1.4573617658346816 16
1777465680157 1.4560126441214092 17
1777465682962 1.4501327385987772 18
1777465685716 1.4501327385987772 19
1777465688265 1.4501327385987772 20
1777465690717 1.439681578475191 21
1777465693160 1.439681578475191 22
1777465695556 1.439515696157275 23
1777465697933 1.439515696157275 24
1777465700310 1.429901507809339 25
1777465702736 1.429901507809339 26
1777465705206 1.4289348061432314 27
1777465707621 1.4280667725731344 28
1777465709950 1.4238138826911713 29
1777465712298 1.4238138826911713 30
1777465714645 1.4206153508037558 31
1777465717022 1.4180878961787504 32
1777465719434 1.4180878961787504 33
1777465721808 1.4146389820996452 34
1777465724177 1.4106742152777474 35
1777465726565 1.4106742152777474 36
1777465728929 1.4086414468867698 37
1777465731342 1.4074107731699639 38
1777465733742 1.4069729284252352 39
